
x1 = [ 0.17418776,  0.18008888,  0.15943989,  0.17558798,  0.1870571 ,         0.16887473,  0.16577926,  0.17370752,  0.1604146 ,  0.14846021,         0.15168828,  0.16966316,  0.17324236,  0.1659557 ,  0.15849708,         0.17500144,  0.17377302,  0.16220385,  0.16302817,  0.18362865,         0.15772232,  0.14917263,  0.16724929,  0.15924901,  0.18184403,         0.17280082,  0.16383818,  0.1785914 ,  0.15144399,  0.15231396,         0.17624867,  0.156605  ,  0.18086585,  0.17450806,  0.17119461,         0.16044205,  0.17029345,  0.14870371,  0.18577456,  0.16676818,         0.16239482,  0.14873077,  0.17721444,  0.16056219,  0.15370715,         0.17657323,  0.15836608,  0.16704653,  0.15600702,  0.1694184 ,         0.1367699 ,  0.16170889,  0.15381545,  0.15110911,  0.14799954,         0.1789789 ,  0.14548747,  0.16721964,  0.17972402,  0.17922713,         0.1581785 ,  0.16936012,  0.17597   ,  0.16642603,  0.18155661,         0.16615464,  0.16511567,  0.17351732,  0.19481096,  0.16495682,         0.17126165,  0.18463297,  0.17372441,  0.15103808,  0.15818487,        0.17354828,  0.17268075,  0.19477476,  0.18099281,  0.16685835,         0.16541898,  0.17183776,  0.17637752,  0.16431254,  0.15823032,         0.16435845,  0.17267048,  0.17198779,  0.17085771,  0.15396288,         0.17258431,  0.16582665,  0.16462481,  0.16297106,  0.16254264,         0.17517902,  0.15730202,  0.16779497,  0.16511154,  0.17718443,         0.16939764,  0.14968923,  0.17140466,  0.17189607,  0.17672692,         0.1840518 ,  0.16506638,  0.15653113,  0.15282688,  0.15897794,         0.20324436,  0.16375336,  0.15767911,  0.16480786,  0.16913556,         0.1658058 ,  0.16647878,  0.1581587 ,  0.18693127,  0.17160796,         0.16353078,  0.17795965,  0.16033398,  0.18037406,  0.17664929,         0.177767  ,  0.15794155,  0.16527739];
%QPSK
x2_1 = [1.1399735 ,  1.1597261 ,  1.1277586 ,  1.0698446 ,  0.98268515,        0.9107639 ,  0.8466216 ,  0.865066  ,  0.8783202 ,  0.8911077 ,        0.9380672 ,  0.9278216 ,  0.9431905 ,  0.8855344 ,  0.82856345,        0.7952916 ,  0.7490087 ,  0.7195072 ,  0.7393285 ,  0.8050155 ,        0.89332604,  1.0140885 ,  1.1458031 ,  1.2553394 ,  1.3195994 ,        1.346007  ,  1.317315  ,  1.2434248 ,  1.1743245 ,  1.0462655 ,        0.956359  ,  0.9169093 ,  0.8800405 ,  0.91134155,  0.9445318 ,        0.993797  ,  1.0539917 ,  1.0594307 ,  1.0571238 ,  0.9766345 ,        0.8244429 ,  0.6485439 ,  0.3937471 ,  0.14440712, -0.11929642,       -0.40814033, -0.6481754 , -0.8409224 , -0.98840815, -1.107839  ,       -1.1850897 , -1.2107525 , -1.2404375 , -1.2097925 , -1.1701282 ,       -1.0797844 , -0.9348303 , -0.7506086 , -0.51199895, -0.20771407,        0.12006014,  0.49253014,  0.8532381 ,  1.1941661 ,  1.4760239 ,        1.6761072 ,  1.8077297 ,  1.7969273 ,  1.6827753 ,  1.4565816 ,        1.1794031 ,  0.8458278 ,  0.48913804,  0.13936184, -0.17109051,       -0.4449721 , -0.6595443 , -0.8117091 , -0.91638047, -1.0262221 ,       -1.076727  , -1.1748816 , -1.2036159 , -1.3110616 , -1.3122025 ,       -1.2867286 , -1.1766497 , -0.96043897, -0.6825933 , -0.32067412,        0.11952446,  0.5674319 ,  0.95451045,  1.2736212 ,  1.4724876 ,        1.4620962 ,  1.2792906 ,  0.9234839 ,  0.47234398, -0.0382999 ,       -0.56579006, -0.9801883 , -1.2579143 , -1.3346951 , -1.1952815 ,       -0.8973461 , -0.45658752,  0.05303099,  0.510984  ,  0.9059536 ,        1.109752  ,  1.1329228 ,  1.0043598 ,  0.66781986,  0.2306538 ,       -0.2492615 , -0.6960173 , -1.0595436 , -1.288534  , -1.3744183 ,       -1.263797  , -1.0094708 , -0.67186207, -0.25507772,  0.13440186,        0.48242033,  0.8042506 ,  1.0142194];
x2_2 = [0.4707817 ,  0.13056095, -0.24127334, -0.58978266, -0.9006296 ,       -1.0992877 , -1.2241193 , -1.1890415 , -1.0181212 , -0.70726985,       -0.3249383 ,  0.13950822,  0.58472025,  1.0113176 ,  1.3566004 ,        1.5596157 ,  1.6712139 ,  1.6854436 ,  1.5954767 ,  1.4132924 ,        1.2571586 ,  1.1117144 ,  0.943606  ,  0.8740781 ,  0.8685852 ,        0.8962299 ,  0.9794093 ,  1.0881351 ,  1.1378347 ,  1.1564385 ,        1.1026931 ,  0.9862146 ,  0.79527634,  0.49275392,  0.16029185,       -0.24624887, -0.6137081 , -0.99315286, -1.2979164 , -1.5182753 ,       -1.6271482 , -1.6443297 , -1.5728335 , -1.434507  , -1.2489569 ,       -1.0354041 , -0.8643587 , -0.77243596, -0.7008082 , -0.7628745 ,       -0.90734965, -1.0597531 , -1.225756  , -1.3834472 , -1.4078319 ,       -1.3546746 , -1.1515522 , -0.8100153 , -0.3398652 ,  0.1747609 ,        0.6610148 ,  1.0580727 ,  1.3512514 ,  1.4226629 ,  1.3132775 ,        0.9952654 ,  0.50588745, -0.02169592, -0.53174055, -0.97584414,       -1.2603657 , -1.3566494 , -1.237343  , -0.92357826, -0.454307  ,        0.03306573,  0.517187  ,  0.8951857 ,  1.0621849 ,  1.0951576 ,        0.900299  ,  0.5558283 ,  0.09536418, -0.37658933, -0.80538285,       -1.1157402 , -1.2248714 , -1.1707612 , -0.9558647 , -0.6146441 ,       -0.18766098,  0.23741092,  0.62969637,  0.93147784,  1.1097789 ,        1.2033746 ,  1.1798042 ,  1.0946696 ,  0.9904652 ,  0.91099715,        0.8435573 ,  0.85717934,  0.93643695,  1.0718473 ,  1.2126771 ,        1.3597274 ,  1.4873163 ,  1.5711513 ,  1.5732538 ,  1.486795  ,        1.3266389 ,  1.075388  ,  0.77704436,  0.46105874,  0.08072304,       -0.29237065, -0.6135843 , -0.95922   , -1.2185009 , -1.4535905 ,       -1.6126614 , -1.7114743 , -1.7306181 , -1.6795985 , -1.5396409 ,       -1.3770313 , -1.1432619 , -0.87249964];

%8PSK
x3_1 = [1.350015  ,  1.4005791 ,  1.4803076 ,  1.4952796 ,  1.4557722 ,        1.359818  ,  1.163611  ,  0.9214162 ,  0.62619215,  0.31051525,       -0.03585586, -0.3271117 , -0.60615796, -0.835748  , -1.0176724 ,       -1.1348034 , -1.2474612 , -1.3122535 , -1.3346882 , -1.3175138 ,       -1.2526009 , -1.1433586 , -0.96395326, -0.7310134 , -0.44545436,       -0.10099102,  0.23151782,  0.56157357,  0.81278175,  0.992026  ,        1.0574814 ,  1.004407  ,  0.84262043,  0.6551169 ,  0.39956665,        0.18189196, -0.00584001, -0.06988251, -0.07220697,  0.04317422,        0.25006154,  0.49111512,  0.7652882 ,  0.95623165,  1.1372833 ,        1.1859142 ,  1.1850234 ,  1.0649806 ,  0.8696207 ,  0.6821405 ,        0.47289938,  0.30374444,  0.1621472 ,  0.04870835, -0.02929367,       -0.04169801, -0.04880577, -0.04514021, -0.02534747, -0.02628889,        0.01379744,  0.08494154,  0.21037242,  0.35897705,  0.5373368 ,        0.7743577 ,  0.96337664,  1.1738902 ,  1.3155996 ,  1.3380206 ,        1.2586983 ,  1.0525601 ,  0.72888833,  0.3326583 , -0.12495638,       -0.56130034, -0.9861779 , -1.3233376 , -1.6054218 , -1.7356653 ,       -1.796299  , -1.7429143 , -1.6854506 , -1.4952885 , -1.330932  ,       -1.1964364 , -1.035716  , -0.92760617, -0.8741443 , -0.78224635,       -0.71336585, -0.6446918 , -0.578202  , -0.507378  , -0.39713266,       -0.27581766, -0.14856288, -0.00488358,  0.18125792,  0.3474154 ,        0.52786136,  0.76581913,  0.9303066 ,  1.1195605 ,  1.2539289 ,        1.3730276 ,  1.4241083 ,  1.4319746 ,  1.4036677 ,  1.3137118 ,        1.215247  ,  1.0861927 ,  1.0043199 ,  0.906746  ,  0.8335448 ,        0.8156838 ,  0.7333061 ,  0.6636464 ,  0.51911   ,  0.30470246,        0.01718961, -0.2894872 , -0.70850366, -1.0929955 , -1.4370214 ,       -1.648281  , -1.7057558 , -1.5625191];
